X = [ 2, 4, 6, 8, 10, 12, 14, 16, 18, 20] % 1 вектор
Y = 2:2:20 % 2 вектор

save lab1task2 X Y